# Ghia, U. K. N. G., Ghia, K. N., & Shin, C. T. (1982). 
# High-Re solutions for incompressible flow using the Navier-Stokes equations and a multigrid method. 
# Journal of computational physics, 48(3), 387-411. 
#
# TABLE I
# Results for $u$-velocity along Vertical Line through Geometric Center of Cavity
#--------------------------------------------------------------------
#                                   Re
#       -------------------------------------------------------------
#  y      100      400      1000     3200     5000     7500    10000
#--------------------------------------------------------------------
1.0000  1.00000  1.00000  1.00000  1.00000  1.00000  1.00000  1.00000
0.9766  0.84123  0.75837  0.65928  0.53236  0.48223  0.47244  0.47221
0.9688  0.78871  0.68439  0.57492  0.48296  0.46120  0.47048  0.47783
0.9609  0.73722  0.61756  0.51117  0.46547  0.45992  0.47323  0.48070
0.9531  0.68717  0.55892  0.46604  0.46101  0.46036  0.47167  0.47804
0.8516  0.23151  0.29093  0.33304  0.34682  0.33556  0.34228  0.34635
0.7344  0.00332  0.16256  0.18719  0.19791  0.20087  0.20591  0.20673
0.6172 -0.13641  0.02135  0.05702  0.07156  0.08183  0.08342  0.08344
0.5000 -0.20581 -0.11477 -0.06080 -0.04272 -0.03039 -0.03800  0.03111
0.4531 -0.21090 -0.17119 -0.10648 -0.86636 -0.07404 -0.07503 -0.07540
0.2813 -0.15662 -0.32726 -0.27805 -0.24427 -0.22855 -0.23176 -0.23186
0.1719 -0.10150 -0.24299 -0.38289 -0.34323 -0.33050 -0.32393 -0.32709
0.1016 -0.06434 -0.14612 -0.29730 -0.41933 -0.40435 -0.38324 -0.38000
0.0703 -0.04775 -0.10338 -0.22220 -0.37827 -0.43643 -0.43025 -0.41657
0.0625 -0.04192 -0.09266 -0.20196 -0.35344 -0.42901 -0.43590 -0.42537
0.0547 -0.03717 -0.08186 -0.18109 -0.32407 -0.41165 -0.43154 -0.42735
0.0000  0.00000  0.00000  0.00000  0.00000  0.00000  0.00000  0.00000

# ref. https://gist.github.com/ivan-pi/3e9326d18a366ffe6a8e5bfda6353219

# other ref. 
# https://www.openfoam.com/documentation/tutorial-guide/2-incompressible-flow/2.1-lid-driven-cavity-flow#x6-60002.1
# https://www.acenumerics.com/the-benchmarks.html

---

Table 2. Velocity components and vorticity values through the centrelines of the cavity at Re = 1000, computed at the locations given in [1]

x = 0.5                                                   y = 0.5
y         ux Ref. [1]  ux          ω Ref. [1]  ω          x         uy Ref. [1]  uy           ω Ref. [1] ω
1         1            1           -14.7534   -14.7534    1         0            0            5.46217    5.46216
0.9766    0.6644227    0.6644227   -12.067    -12.0670    0.9688   -0.2279225   -0.2279225    8.4435     8.44350
0.9688    0.5808359    0.5808359   -9.49496   -9.49495    0.9609   -0.2936869   -0.2936869    8.24616    8.24616
0.9609    0.5169277    0.5169277   -6.95968   -6.95966    0.9531   -0.3553213   -0.3553213    7.58524    7.58524
0.9531    0.4723329    0.4723329   -4.85754   -4.85753    0.9453   -0.4103754   -0.4103754    6.50867    6.50867
0.8516    0.3372212    0.3372212   -1.762     -1.76199    0.9063   -0.5264392   -0.5264392   -0.92291   -0.92291
0.7344    0.1886747    0.1886747   -2.09121   -2.09121    0.8594   -0.4264545   -0.4264545   -3.43016   -3.43016
0.6172    0.0570178    0.0570178   -2.06539   -2.06539    0.8047   -0.3202137   -0.3202137   -2.21171   -2.21171
0.5      -0.0620561   -0.0620561   -2.06722   -2.06722    0.5       0.0257995    0.0257995   -2.06722   -2.06722
0.4531   -0.1081999   -0.1081999   -2.06215   -2.06215    0.2344    0.3253592    0.3253592   -2.06122   -2.06122
0.2813   -0.2803696   -0.2803696   -2.26772   -2.26772    0.2266    0.3339924    0.3339924   -2.00174   -2.00174
0.1719   -0.3885691   -0.3885691   -1.05467   -1.05466    0.1563    0.3769189    0.3769189   -0.74207   -0.74207
0.1016   -0.3004561   -0.3004561    1.63436    1.63436    0.0938    0.3330442    0.3330442    0.82398    0.82398
0.0703   -0.2228955   -0.2228955    2.20175    2.20175    0.0781    0.3099097    0.3099097    1.23991    1.23991
0.0625   -0.20233     -0.2023300    2.31786    2.31786    0.0703    0.2962703    0.2962703    1.50306    1.50306
0.0547   -0.1812881   -0.1812881    2.4496     2.44960    0.0625    0.2807056    0.2807056    1.83308    1.83308
0         0            0            4.16648    4.16648    0         0            0            7.66369    7.66368

# ref. https://www.acenumerics.com/the-cavity-sessions-validation.html